m1=100;
m2=50;
k1=50;
k12=25;
b=50;