m1=100;
m2=20;
k1=50;
k12=8;
b=50;